T [°C]	n_s[m-2]	n_s[m-2]
	Lower limit	Upper limit
	10K/min		0.1K/min
	1% K-feldspar	25% K-feldspar	
-6	NaN	2.36E-03
-6.1	NaN	3.78E-03
-6.2	1.87E-05	5.68E-03
-6.3	5.60E-05	8.51E-03
-6.4	9.33E-05	1.23E-02
-6.5	1.40E-04	1.75E-02
-6.6	2.05E-04	2.46E-02
-6.7	2.98E-04	3.45E-02
-6.8	4.29E-04	4.78E-02
-6.9	5.97E-04	6.60E-02
-7	8.39E-04	9.03E-02
-7.1	1.14E-03	1.23E-01
-7.2	1.55E-03	1.67E-01
-7.3	2.11E-03	2.27E-01
-7.4	2.84E-03	3.06E-01
-7.5	3.80E-03	4.10E-01
-7.6	5.07E-03	5.49E-01
-7.7	6.75E-03	7.32E-01
-7.8	8.97E-03	9.74E-01
-7.9	1.19E-02	1.29E+00
-8	1.56E-02	1.71E+00
-8.1	2.05E-02	2.25E+00
-8.2	2.69E-02	2.96E+00
-8.3	3.52E-02	3.88E+00
-8.4	4.58E-02	5.07E+00
-8.5	5.96E-02	6.61E+00
-8.6	7.72E-02	8.60E+00
-8.7	9.99E-02	1.12E+01
-8.8	1.29E-01	1.44E+01
-8.9	1.66E-01	1.86E+01
-9	2.13E-01	2.40E+01
-9.1	2.73E-01	3.08E+01
-9.2	3.49E-01	3.95E+01
-9.3	4.45E-01	5.05E+01
-9.4	5.66E-01	6.44E+01
-9.5	7.19E-01	8.20E+01
-9.6	9.12E-01	1.04E+02
-9.7	1.15E+00	1.32E+02
-9.8	1.46E+00	1.67E+02
-9.9	1.83E+00	2.11E+02
-10	2.31E+00	2.66E+02
-10.1	2.89E+00	3.34E+02
-10.2	3.62E+00	4.19E+02
-10.3	4.53E+00	5.25E+02
-10.4	5.65E+00	6.57E+02
-10.5	7.04E+00	8.19E+02
-10.6	8.76E+00	1.02E+03
-10.7	1.09E+01	1.27E+03
-10.8	1.35E+01	1.57E+03
-10.9	1.67E+01	1.95E+03
-11	2.06E+01	2.41E+03
-11.1	2.54E+01	2.97E+03
-11.2	3.12E+01	3.66E+03
-11.3	3.84E+01	4.51E+03
-11.4	4.71E+01	5.54E+03
-11.5	5.76E+01	6.79E+03
-11.6	7.05E+01	8.31E+03
-11.7	8.61E+01	1.02E+04
-11.8	1.05E+02	1.24E+04
-11.9	1.28E+02	1.51E+04
-12	1.55E+02	1.84E+04
-12.1	1.89E+02	2.23E+04
-12.2	2.29E+02	2.70E+04
-12.3	2.77E+02	3.27E+04
-12.4	3.34E+02	3.96E+04
-12.5	4.04E+02	4.78E+04
-12.6	4.87E+02	5.76E+04
-12.7	5.86E+02	6.94E+04
-12.8	7.04E+02	8.34E+04
-12.9	8.46E+02	1.00E+05
-13	1.01E+03	1.20E+05
-13.1	1.21E+03	1.44E+05
-13.2	1.45E+03	1.72E+05
-13.3	1.73E+03	2.05E+05
-13.4	2.07E+03	2.45E+05
-13.5	2.47E+03	2.92E+05
-13.6	2.93E+03	3.47E+05
-13.7	3.49E+03	4.12E+05
-13.8	4.14E+03	4.89E+05
-13.9	4.91E+03	5.80E+05
-14	5.82E+03	6.86E+05
-14.1	6.88E+03	8.11E+05
-14.2	8.13E+03	9.58E+05
-14.3	9.60E+03	1.13E+06
-14.4	1.13E+04	1.33E+06
-14.5	1.33E+04	1.57E+06
-14.6	1.57E+04	1.84E+06
-14.7	1.84E+04	2.16E+06
-14.8	2.16E+04	2.53E+06
-14.9	2.54E+04	2.97E+06
-15	2.97E+04	3.47E+06
-15.1	3.48E+04	4.06E+06
-15.2	4.07E+04	4.73E+06
-15.3	4.75E+04	5.52E+06
-15.4	5.54E+04	6.43E+06
-15.5	6.45E+04	7.48E+06
-15.6	7.51E+04	8.70E+06
-15.7	8.74E+04	1.01E+07
-15.8	1.02E+05	1.17E+07
-15.9	1.18E+05	1.36E+07
-16	1.37E+05	1.57E+07
-16.1	1.58E+05	1.82E+07
-16.2	1.83E+05	2.10E+07
-16.3	2.12E+05	2.42E+07
-16.4	2.45E+05	2.79E+07
-16.5	2.83E+05	3.21E+07
-16.6	3.26E+05	3.69E+07
-16.7	3.75E+05	4.25E+07
-16.8	4.32E+05	4.88E+07
-16.9	4.97E+05	5.59E+07
-17	5.71E+05	6.41E+07
-17.1	6.55E+05	7.34E+07
-17.2	7.51E+05	8.39E+07
-17.3	8.61E+05	9.59E+07
-17.4	9.86E+05	1.09E+08
-17.5	1.13E+06	1.25E+08
-17.6	1.29E+06	1.42E+08
-17.7	1.47E+06	1.62E+08
-17.8	1.68E+06	1.84E+08
-17.9	1.91E+06	2.09E+08
-18	2.18E+06	2.37E+08
-18.1	2.48E+06	2.69E+08
-18.2	2.82E+06	3.05E+08
-18.3	3.20E+06	3.45E+08
-18.4	3.63E+06	3.91E+08
-18.5	4.12E+06	4.41E+08
-18.6	4.67E+06	4.98E+08
-18.7	5.29E+06	5.62E+08
-18.8	5.98E+06	6.34E+08
-18.9	6.77E+06	7.13E+08
-19	7.64E+06	8.03E+08
-19.1	8.63E+06	9.02E+08
-19.2	9.73E+06	1.01E+09
-19.3	1.10E+07	1.14E+09
-19.4	1.23E+07	1.27E+09
-19.5	1.39E+07	1.43E+09
-19.6	1.56E+07	1.60E+09
-19.7	1.75E+07	1.79E+09
-19.8	1.97E+07	2.00E+09
-19.9	2.21E+07	2.23E+09
-20	2.47E+07	2.48E+09
-20.1	2.77E+07	2.77E+09
-20.2	3.10E+07	3.08E+09
-20.3	3.47E+07	3.43E+09
-20.4	3.87E+07	3.81E+09
-20.5	4.32E+07	4.23E+09
-20.6	4.82E+07	4.70E+09
-20.7	5.37E+07	5.21E+09
-20.8	5.98E+07	5.77E+09
-20.9	6.66E+07	6.38E+09
-21	7.41E+07	7.06E+09
-21.1	8.23E+07	7.80E+09
-21.2	9.14E+07	8.61E+09
-21.3	1.01E+08	9.49E+09
-21.4	1.12E+08	1.05E+10
-21.5	1.25E+08	1.15E+10
-21.6	1.38E+08	1.27E+10
-21.7	1.53E+08	1.39E+10
-21.8	1.69E+08	1.53E+10
-21.9	1.86E+08	1.68E+10
-22	2.06E+08	1.84E+10
-22.1	2.27E+08	2.02E+10
-22.2	2.50E+08	2.21E+10
-22.3	2.75E+08	2.42E+10
-22.4	3.03E+08	2.64E+10
-22.5	3.33E+08	2.88E+10
-22.6	3.66E+08	3.14E+10
-22.7	4.02E+08	3.43E+10
-22.8	4.41E+08	3.73E+10
-22.9	4.83E+08	4.06E+10
-23	5.29E+08	4.42E+10
-23.1	5.79E+08	4.80E+10
-23.2	6.34E+08	5.21E+10
-23.3	6.93E+08	5.65E+10
-23.4	7.57E+08	6.12E+10
-23.5	8.26E+08	6.62E+10
-23.6	9.00E+08	7.16E+10
-23.7	9.81E+08	7.74E+10
-23.8	1.07E+09	8.36E+10
-23.9	1.16E+09	9.01E+10
-24	1.26E+09	9.72E+10
-24.1	1.37E+09	1.05E+11
-24.2	1.49E+09	1.13E+11
-24.3	1.62E+09	1.21E+11
-24.4	1.75E+09	1.30E+11
-24.5	1.90E+09	1.39E+11
-24.6	2.05E+09	1.50E+11
-24.7	2.22E+09	1.60E+11
-24.8	2.40E+09	1.71E+11
-24.9	2.59E+09	1.83E+11
-25	2.79E+09	1.96E+11
-25.1	3.01E+09	2.09E+11
-25.2	3.24E+09	2.23E+11
-25.3	3.49E+09	2.37E+11
-25.4	3.75E+09	2.53E+11
-25.5	4.03E+09	2.69E+11
-25.6	4.33E+09	2.86E+11
-25.7	4.65E+09	3.03E+11
-25.8	4.98E+09	3.22E+11
-25.9	5.33E+09	3.41E+11
-26	5.71E+09	3.61E+11
-26.1	6.10E+09	3.81E+11
-26.2	6.52E+09	4.03E+11
-26.3	6.96E+09	4.25E+11
-26.4	7.43E+09	4.49E+11
-26.5	7.92E+09	4.73E+11
-26.6	8.43E+09	4.97E+11
-26.7	8.97E+09	5.23E+11
-26.8	9.54E+09	5.50E+11
-26.9	1.01E+10	5.77E+11
-27	1.07E+10	6.05E+11
-27.1	1.14E+10	6.34E+11
-27.2	1.21E+10	6.63E+11
-27.3	1.28E+10	6.94E+11
-27.4	1.35E+10	7.24E+11
-27.5	1.43E+10	7.56E+11
-27.6	1.51E+10	7.88E+11
-27.7	1.59E+10	8.21E+11
-27.8	1.68E+10	8.54E+11
-27.9	1.77E+10	8.88E+11
-28	1.86E+10	9.23E+11
-28.1	1.96E+10	9.57E+11
-28.2	2.05E+10	9.92E+11
-28.3	2.16E+10	1.03E+12
-28.4	2.26E+10	1.06E+12
-28.5	2.37E+10	1.10E+12
-28.6	2.48E+10	1.13E+12
-28.7	2.59E+10	1.17E+12
-28.8	2.71E+10	1.21E+12
-28.9	2.82E+10	1.24E+12
-29	2.95E+10	1.28E+12
-29.1	3.07E+10	1.31E+12
-29.2	3.20E+10	1.35E+12
-29.3	3.32E+10	1.38E+12
-29.4	3.45E+10	1.42E+12
-29.5	3.58E+10	1.45E+12
-29.6	3.72E+10	1.49E+12
-29.7	3.85E+10	1.52E+12
-29.8	3.99E+10	1.55E+12
-29.9	4.13E+10	1.58E+12
-30	4.26E+10	1.61E+12
-30.1	4.40E+10	1.64E+12
-30.2	4.54E+10	1.67E+12
-30.3	4.68E+10	1.70E+12
-30.4	4.82E+10	1.73E+12
-30.5	4.96E+10	1.75E+12
-30.6	5.09E+10	1.78E+12
-30.7	5.23E+10	1.80E+12
-30.8	5.37E+10	1.83E+12
-30.9	5.50E+10	1.85E+12
-31	5.64E+10	1.87E+12
-31.1	5.77E+10	1.89E+12
-31.2	5.90E+10	1.91E+12
-31.3	6.02E+10	1.93E+12
-31.4	6.15E+10	1.95E+12
-31.5	6.27E+10	1.96E+12
-31.6	6.39E+10	1.98E+12
-31.7	6.50E+10	1.99E+12
-31.8	6.62E+10	2.01E+12
-31.9	6.73E+10	2.02E+12
-32	6.83E+10	2.03E+12
-32.1	6.94E+10	2.04E+12
-32.2	7.03E+10	2.05E+12
-32.3	7.13E+10	2.06E+12
-32.4	7.22E+10	2.07E+12
-32.5	7.31E+10	2.07E+12
-32.6	7.39E+10	2.08E+12
-32.7	7.47E+10	2.09E+12
-32.8	7.54E+10	2.09E+12
-32.9	7.61E+10	2.10E+12
-33	7.68E+10	2.10E+12
-33.1	7.74E+10	2.11E+12
-33.2	7.80E+10	2.11E+12
-33.3	7.86E+10	2.11E+12
-33.4	7.91E+10	2.11E+12
-33.5	7.96E+10	2.12E+12
-33.6	8.00E+10	2.12E+12
-33.7	8.04E+10	2.12E+12
-33.8	8.08E+10	2.12E+12
-33.9	8.12E+10	2.12E+12
-34	8.15E+10	2.12E+12
-34.1	8.18E+10	2.13E+12
-34.2	8.20E+10	2.13E+12
-34.3	8.23E+10	2.13E+12
-34.4	8.25E+10	2.13E+12
-34.5	8.27E+10	2.13E+12
-34.6	8.29E+10	2.13E+12
-34.7	8.30E+10	2.13E+12
-34.8	8.31E+10	2.13E+12
-34.9	8.33E+10	2.13E+12
-35	8.34E+10	2.13E+12
-35.1	8.35E+10	2.13E+12
-35.2	8.36E+10	2.13E+12
-35.3	8.36E+10	2.13E+12
-35.4	8.37E+10	2.13E+12
-35.5	8.37E+10	2.13E+12
-35.6	8.38E+10	2.13E+12
-35.7	8.38E+10	2.13E+12
-35.8	8.39E+10	2.13E+12
-35.9	8.39E+10	2.13E+12
-36	8.39E+10	2.13E+12
-36.1	8.39E+10	2.13E+12
-36.2	8.39E+10	2.13E+12
-36.3	8.39E+10	2.13E+12
-36.4	8.40E+10	2.13E+12
-36.5	8.40E+10	2.13E+12
-36.6	8.40E+10	2.13E+12
-36.7	8.40E+10	2.13E+12
-36.8	8.40E+10	2.13E+12
-36.9	8.40E+10	2.13E+12
-37	8.40E+10	2.13E+12
-37.1	8.40E+10	2.13E+12
-37.2	8.40E+10	2.13E+12
-37.3	8.40E+10	2.13E+12
-37.4	8.40E+10	2.13E+12
-37.5	8.40E+10	2.13E+12
-37.6	8.40E+10	2.13E+12
-37.7	8.40E+10	2.13E+12
-37.8	8.40E+10	2.13E+12
-37.9	8.40E+10	2.13E+12
-38	8.40E+10	2.13E+12
-38.1	8.40E+10	2.13E+12
-38.2	8.40E+10	2.13E+12
-38.3	8.40E+10	2.13E+12
-38.4	8.40E+10	2.13E+12
-38.5	8.40E+10	2.13E+12
-38.6	8.40E+10	2.13E+12
-38.7	8.40E+10	2.13E+12
-38.8	8.40E+10	2.13E+12
-38.9	8.40E+10	2.13E+12
-39	8.40E+10	2.13E+12
-39.1	8.40E+10	2.13E+12
-39.2	8.40E+10	2.13E+12
-39.3	8.40E+10	2.13E+12
-39.4	8.40E+10	2.13E+12
-39.5	8.40E+10	2.13E+12
-39.6	8.40E+10	2.13E+12
-39.7	8.40E+10	2.13E+12
-39.8	8.40E+10	2.13E+12
-39.9	8.40E+10	2.13E+12
-40	8.40E+10	2.13E+12
